00000b86
00000612
A00003FC
0000001E
A00003EF
0000001E
00002000
0000001E
00003000
0000001E
00000008
00000009
00000008
00000009
00000008
00000009
00000008
00000009
00000008
00000009
00000008
00000009
00000008
00000009
00000008
00000009
00000008
00000009
00000008
00000009
00000008
00000009
00000008
00000009
00000008
00000009
00000008
00000009
00000008
00000009
00000008
00000009
00000008
00000009
00000008
00000009
00000008
00000009
00000008
00000009
00000008
00000009
00000008
00000009
00000008
00000009
00000008
00000009
00000008
00000009
00000008
00000009
00000008
00000009
00000008
00000009